$parTable
                    Est         SE         Lower        Upper             Z            P
mu.x       5.307030e+05 272.426309  5.301690e+05 5.312370e+05  1948.0607356 0.000000e+00
mu.y       4.983401e+06 307.318995  4.982799e+06 4.984004e+06 16215.7279133 0.000000e+00
scale      2.234042e+03   1.296465  1.343012e+03 3.716232e+03    29.7008059 0.000000e+00
shape      1.652292e+00   1.191694  1.171666e+00 2.330075e+00     2.8633565 4.191786e-03
elev240    1.187793e+00   2.274938 -3.271085e+00 5.646672e+00     0.5221212 6.015860e-01
rghasp240  4.807193e+00   1.226961  2.402349e+00 7.212038e+00     3.9179659 8.929933e-05
elkuse    -2.572917e+00   3.362094 -9.162621e+00 4.016787e+00    -0.7652722 4.441095e-01
wolfuse   -4.874910e+00   3.745527 -1.221614e+01 2.466322e+00    -1.3015286 1.930776e-01

$covmat
             [,1]        [,2]         [,3]        [,4]        [,5]          [,6]          [,7]          [,8]
[1,] 74216.093689  6917.86638   9.08485494 -6.97529195 62.35711351  -49.63362032 -129.52309040 -163.16281999
[2,]  6917.866399 94444.96487 -16.93772697 10.40900926 88.75047479 -103.02205253 -125.27377035  142.84117829
[3,]     9.084855   -16.93773   0.06741381 -0.04355867 -0.06419156    0.04999730    0.09038019   -0.11584335
[4,]    -6.975292    10.40901  -0.04355867  0.03075669  0.02961586   -0.02417921   -0.05428366    0.07748333
[5,]    62.357114    88.75047  -0.06419156  0.02961586  5.17534305   -0.39014846   -7.00689745   -0.55279375
[6,]   -49.633620  -103.02205   0.04999730 -0.02417921 -0.39014846    1.50543452    1.05465871    0.16286488
[7,]  -129.523090  -125.27377   0.09038019 -0.05428366 -7.00689745    1.05465871   11.30367523    0.56350985
[8,]  -163.162820   142.84118  -0.11584335  0.07748333 -0.55279375    0.16286488    0.56350985   14.02897078

$Neg2xLikelihood
[1] 3327.175

$AICc
[1] 3343.404

$evalTime
Time difference of 9.376383 mins

$convergence
[1] TRUE

