BB/data/003SCF.datexample_grid.asc
NCOLS 148
NROWS 172
XLLCORNER 604146.2298
YLLCORNER 5147150.697
CELLSIZE 30
NODATA_VALUE -9999
[rows 64 to 127 of 172, columns 0 to 95 of 148]
0 0 0 0 0 0 0 0 0 0 0 0 0 0 0 0 1 1 1 2 4 6 8 13 19 27 39 55 75 100 130 165 203 239 263 286 308 327 337 333 315 285 249 209 170 135 105 80 60 43 30 21 14 10 8 6 5 5 5 5 5 6 8 10 13 18 24 33 41 51 60 68 75 80 85 91 98 106 116 127 140 157 181 213 253 301 353 402 438 443 428 392 344 293 239 187
0 0 0 0 0 0 0 0 0 0 0 0 0 0 0 0 1 1 2 3 4 6 10 15 22 32 46 65 89 120 157 199 245 291 322 351 379 406 424 417 396 357 313 262 213 168 129 97 72 52 36 25 18 13 10 8 6 6 6 6 6 7 8 10 12 16 22 28 35 45 53 60 68 76 85 96 109 125 141 156 171 189 212 241 279 322 368 409 430 426 407 369 321 269 217 168
0 0 0 0 0 0 0 0 0 0 0 0 0 0 0 0 1 1 2 3 5 7 11 17 25 36 52 74 102 138 181 229 281 332 376 411 445 477 504 505 477 431 376 316 257 202 155 116 85 61 43 31 22 16 12 9 8 7 6 6 7 7 8 9 12 15 19 24 30 38 46 53 62 73 86 103 123 147 171 191 207 225 246 273 307 344 384 408 417 410 385 348 303 248 197 151
0 0 0 0 0 0 0 0 0 0 0 0 0 0 0 0 1 1 2 3 5 8 13 19 28 40 57 81 111 151 201 250 307 366 419 465 502 535 563 571 546 500 439 371 300 235 180 135 99 71 51 36 26 19 14 11 9 8 7 7 7 7 8 9 11 13 17 21 26 32 40 48 58 71 89 110 137 169 206 232 247 264 284 309 337 367 397 410 407 391 362 324 280 227 179 136
0 0 0 0 0 0 0 0 0 0 0 0 0 0 0 0 1 1 2 4 6 9 14 20 30 43 60 84 116 157 205 260 323 387 452 508 547 572 597 612 601 561 495 417 337 265 203 152 112 82 59 43 31 23 17 13 11 9 8 8 7 7 8 9 10 12 15 18 22 28 35 44 55 70 90 116 148 187 228 262 284 304 323 345 369 392 409 414 402 378 344 302 255 207 162 122
0 0 0 0 0 0 0 0 0 0 0 0 0 0 0 0 1 1 2 4 6 10 14 21 31 44 61 85 116 156 204 260 325 394 470 541 567 583 602 619 627 608 539 449 364 286 220 167 125 92 67 49 36 26 20 15 12 10 9 8 8 8 8 9 10 11 13 16 19 24 31 40 52 68 90 118 153 194 240 285 319 342 360 381 403 420 427 421 402 370 330 284 237 189 147 110
0 0 0 0 0 0 0 0 0 0 0 0 0 0 0 0 1 1 2 4 6 10 15 22 31 43 60 82 112 150 197 249 309 378 455 526 550 562 577 592 604 602 547 456 371 295 231 178 135 101 75 56 42 31 23 18 14 11 9 8 8 8 8 8 9 10 12 14 17 21 28 36 48 65 87 116 152 196 245 300 348 369 388 410 430 441 444 425 399 360 314 267 220 174 133 99
0 0 0 0 0 0 0 0 0 0 0 0 0 0 0 0 1 1 2 4 6 10 15 21 30 41 56 76 103 138 181 227 281 343 408 468 503 514 527 539 546 537 501 433 359 293 235 184 142 109 84 63 48 36 27 20 15 12 10 8 8 7 7 8 8 9 11 12 15 19 24 33 44 60 82 111 146 190 240 296 353 377 401 427 449 457 447 422 387 346 297 249 204 159 121 89
0 0 0 0 0 0 0 0 0 0 0 0 0 0 0 0 1 1 2 4 6 9 14 20 30 38 50 68 91 121 155 196 243 295 349 395 429 449 462 472 475 464 434 389 333 278 229 185 148 117 92 71 54 41 30 23 17 13 10 9 8 7 7 7 8 9 10 11 13 17 22 29 40 55 75 102 136 178 225 275 322 360 394 427 463 468 444 414 373 328 280 230 185 144 109 81
0 0 0 0 0 0 0 0 0 0 0 0 0 0 0 0 1 1 2 3 5 8 12 18 26 33 43 57 77 100 129 162 201 243 286 324 355 378 393 402 403 393 371 338 298 256 217 182 151 124 100 79 61 46 34 25 19 14 11 9 8 7 7 7 7 8 9 10 12 14 19 25 35 49 68 93 124 162 205 251 296 337 376 413 451 454 429 395 353 308 261 212 169 131 99 73
0 0 0 0 0 0 0 0 0 0 0 0 0 0 0 0 1 1 2 3 4 7 10 14 20 26 35 46 61 79 102 129 160 193 227 259 286 310 326 337 338 330 312 287 259 231 204 178 154 131 108 86 67 51 38 28 21 15 12 9 8 7 6 6 7 7 8 9 10 13 16 22 31 43 60 82 111 145 184 227 270 313 354 389 416 420 404 373 332 286 240 195 154 119 90 67
0 0 0 0 0 0 0 0 0 0 0 0 0 0 0 0 0 1 1 2 3 5 8 11 15 20 26 35 46 61 78 99 123 149 175 202 226 248 266 280 284 275 260 241 222 204 188 171 156 138 116 93 73 56 42 31 22 17 12 10 8 7 6 6 6 7 7 8 9 11 14 19 26 37 52 73 99 130 167 206 247 290 332 366 390 395 381 351 314 269 223 180 141 108 82 62
0 0 0 0 0 0 0 0 0 0 0 0 0 0 0 0 0 1 1 2 2 4 5 8 11 14 19 26 34 45 58 74 92 112 133 154 175 195 214 231 236 228 213 199 187 177 169 161 156 143 120 97 76 58 44 32 24 18 13 10 8 7 6 6 6 6 6 7 8 10 12 16 23 32 46 64 88 119 154 189 229 271 312 345 369 376 367 336 297 254 210 169 131 100 74 54
0 0 0 0 0 0 0 0 0 0 0 0 0 0 0 0 0 0 1 1 2 3 4 5 7 10 14 18 24 32 42 53 67 82 98 115 132 149 165 180 187 181 171 161 154 149 149 144 138 132 118 97 76 59 45 33 25 19 14 11 9 7 6 6 6 6 6 7 7 9 11 14 20 29 41 58 81 109 142 178 218 260 301 335 358 366 352 324 287 245 202 162 125 93 68 49
0 0 0 0 0 0 0 0 0 0 0 0 0 0 0 0 0 0 0 1 1 2 3 4 5 7 9 13 17 22 29 38 48 59 71 84 98 112 125 134 139 138 132 127 122 120 119 118 116 111 101 88 71 56 44 33 25 19 15 12 9 8 7 6 6 6 6 6 7 8 10 14 19 27 39 55 77 104 137 174 216 260 302 338 363 368 353 324 285 243 198 158 121 89 65 46
0 0 0 0 0 0 0 0 0 0 0 0 0 0 0 0 0 0 0 0 1 1 2 2 3 4 6 8 11 15 20 26 33 41 51 61 71 82 92 99 103 102 100 97 94 93 94 94 93 90 83 74 62 51 41 32 25 20 16 13 10 9 8 7 7 6 6 6 7 8 10 14 19 27 39 56 78 106 139 179 223 269 315 354 382 384 367 333 290 245 197 154 118 88 64 46
0 0 0 0 0 0 0 0 0 0 0 0 0 0 0 0 0 0 0 0 0 1 1 1 2 3 4 5 7 10 13 18 23 29 35 43 51 59 66 72 74 75 73 71 70 70 71 72 72 70 66 60 53 45 37 30 25 20 17 14 12 10 9 8 7 7 7 7 8 9 11 15 21 30 43 60 84 114 150 192 239 289 339 380 410 415 394 348 299 248 199 156 119 89 65 47
0 0 0 0 0 0 0 0 0 0 0 0 0 0 0 0 0 0 0 0 0 0 1 1 1 2 2 3 5 6 9 12 15 19 24 30 36 42 47 52 54 53 52 51 51 51 52 53 54 54 52 48 44 38 33 28 24 20 17 15 13 11 10 9 9 8 8 8 9 10 13 18 25 35 50 70 96 129 169 214 264 317 368 414 449 441 413 363 310 255 205 162 124 94 70 52
0 0 0 0 0 0 0 0 0 0 0 0 0 0 0 0 0 0 0 0 0 0 0 1 1 1 1 2 3 4 6 8 10 13 16 20 24 29 33 37 38 37 36 36 36 36 37 39 40 40 39 38 35 32 29 26 23 20 18 16 14 13 12 11 10 10 10 10 11 13 17 22 31 44 61 85 115 153 197 247 299 354 406 451 483 467 429 378 320 264 214 170 132 102 78 59
0 0 0 0 0 0 0 0 0 0 0 0 0 0 0 0 0 0 0 0 0 0 0 0 0 1 1 1 2 3 4 5 6 8 11 13 16 19 22 24 25 25 24 24 24 25 26 27 29 29 30 29 28 27 25 23 22 20 18 17 16 15 14 13 12 12 12 13 14 17 22 29 41 56 78 106 142 185 236 291 345 400 451 492 511 491 450 396 335 277 224 179 142 113 89 70
0 0 0 0 0 0 0 0 0 0 0 0 0 0 0 0 0 0 0 0 0 0 0 0 0 0 1 1 1 2 2 3 4 5 7 8 10 12 14 15 16 16 16 16 16 17 18 19 20 21 22 22 22 22 22 21 20 20 19 18 17 17 16 16 15 15 15 16 18 22 29 39 54 74 101 135 178 228 285 345 403 458 505 537 546 526 477 418 353 293 239 193 157 127 103 84
0 0 0 0 0 0 0 0 0 0 0 0 0 0 0 0 0 0 0 0 0 0 0 0 0 0 0 0 1 1 1 2 2 3 4 5 6 7 8 9 10 10 10 10 10 11 12 13 14 15 16 17 18 18 19 19 19 19 19 19 19 19 19 19 19 19 19 21 24 30 39 52 71 97 130 172 223 282 347 413 476 529 569 589 589 564 509 442 375 312 256 211 175 146 123 103
0 0 0 0 0 0 0 0 0 0 0 0 0 0 0 0 0 0 0 0 0 0 0 0 0 0 0 0 0 1 1 1 1 2 2 3 4 4 5 5 6 6 6 6 6 7 8 9 10 11 12 13 14 15 16 17 17 18 19 20 20 21 22 23 24 23 24 26 31 39 51 68 93 125 166 217 278 347 421 497 564 615 646 653 639 600 541 470 397 331 276 232 198 171 148 128
0 0 0 0 0 0 0 0 0 0 0 0 0 0 0 0 0 0 0 0 0 0 0 0 0 0 0 0 0 0 0 1 1 1 1 2 2 3 3 3 3 3 4 4 4 4 5 6 7 8 9 10 11 12 13 15 16 17 18 20 21 23 25 28 29 28 30 33 40 50 66 88 118 158 209 271 342 422 508 592 666 715 739 726 695 635 572 492 415 348 296 255 224 200 178 156
0 0 0 0 0 0 0 0 0 0 0 0 0 0 0 0 0 0 0 0 0 0 0 0 0 0 0 0 0 0 0 0 0 1 1 1 1 1 2 2 2 2 2 2 2 3 3 4 4 5 6 7 9 10 11 13 14 16 18 19 22 24 27 30 31 33 35 40 49 63 84 112 148 196 257 331 413 505 601 695 776 824 827 787 729 651 578 497 423 361 314 277 252 233 212 188
0 0 0 0 0 0 0 0 0 0 0 0 0 0 0 0 0 0 0 0 0 0 0 0 0 0 0 0 0 0 0 0 0 0 0 1 1 1 1 1 1 1 1 1 1 2 2 2 3 4 5 5 7 8 9 11 12 14 16 19 21 24 28 32 33 36 41 48 59 76 102 136 179 237 308 392 486 589 695 796 881 932 914 834 746 653 566 487 419 364 324 295 277 264 247 220
0 0 0 0 0 0 0 0 0 0 0 0 0 0 0 0 0 0 0 0 0 0 0 0 0 0 0 0 0 0 0 0 0 0 0 0 0 0 0 0 1 1 1 1 1 1 1 2 2 3 3 4 5 6 7 9 11 13 15 17 20 24 28 32 35 40 46 56 69 90 119 159 210 278 358 451 555 667 783 887 968 999 965 863 747 641 547 469 407 361 330 307 293 288 278 246
0 0 0 0 0 0 0 0 0 0 0 0 0 0 0 0 0 0 0 0 0 0 0 0 0 0 0 0 0 0 0 0 0 0 0 0 0 0 0 0 0 0 0 0 0 1 1 1 1 2 2 3 4 5 6 7 9 11 13 16 19 23 27 32 37 44 52 63 80 103 136 181 239 315 404 504 614 732 853 946 997 1000 942 845 728 615 519 443 387 352 327 306 297 292 276 256
0 0 0 0 0 0 0 0 0 0 0 0 0 0 0 0 0 0 0 0 0 0 0 0 0 0 0 0 0 0 0 0 0 0 0 0 0 0 0 0 0 0 0 0 0 0 0 1 1 1 2 2 3 4 5 6 7 9 12 14 18 22 26 32 39 47 58 71 90 116 153 202 265 343 436 541 656 778 884 956 986 969 902 800 687 576 483 410 359 327 309 296 288 282 272 255
0 0 0 0 0 0 0 0 0 0 0 0 0 0 0 0 0 0 0 0 0 0 0 0 0 0 0 0 0 0 0 0 0 0 0 0 0 0 0 0 0 0 0 0 0 0 0 0 1 1 1 2 2 3 4 5 6 8 10 13 16 20 26 32 40 51 64 78 100 129 169 221 288 368 463 569 683 801 891 944 952 918 842 742 633 528 440 372 325 296 283 278 274 272 260 244
0 0 0 0 0 0 0 0 0 0 0 0 0 0 0 0 0 0 0 0 0 0 0 0 0 0 0 0 0 0 0 0 0 0 0 0 0 0 0 0 0 0 0 0 0 0 0 0 0 1 1 1 1 2 3 4 5 7 9 11 15 19 25 32 41 53 67 85 109 142 184 239 308 390 484 587 694 796 867 903 900 852 771 674 571 474 393 331 288 263 252 252 253 252 239 226
0 0 0 0 0 0 0 0 0 0 0 0 0 0 0 0 0 0 0 0 0 0 0 0 0 0 0 0 0 0 0 0 0 0 0 0 0 0 0 0 0 0 0 0 0 0 0 0 0 0 1 1 1 1 2 3 4 5 7 10 14 18 24 32 42 55 71 92 118 154 199 255 326 407 498 596 691 771 824 845 832 777 692 598 505 419 345 289 251 229 220 220 225 223 213 203
0 0 0 0 0 0 0 0 0 0 0 0 0 0 0 0 0 0 0 0 0 0 0 0 0 0 0 0 0 0 0 0 0 0 0 0 0 0 0 0 0 0 0 0 0 0 0 0 0 0 0 0 1 1 2 2 3 5 7 9 13 18 24 33 44 58 76 99 128 165 211 268 338 418 506 598 681 743 776 781 754 690 609 523 440 363 298 249 215 196 188 188 192 190 183 178
0 0 0 0 0 0 0 0 0 0 0 0 0 0 0 0 0 0 0 0 0 0 0 0 0 0 0 0 0 0 0 0 0 0 0 0 0 0 0 0 0 0 0 0 0 0 0 0 0 0 0 0 1 1 1 2 3 4 6 9 12 18 24 34 46 62 81 106 137 175 221 278 344 421 506 585 655 705 721 706 665 603 528 451 376 309 254 211 181 165 158 158 158 158 154 151
0 0 0 0 0 0 0 0 0 0 0 0 0 0 0 0 0 0 0 0 0 0 0 0 0 0 0 0 0 0 0 0 0 0 0 0 0 0 0 0 0 0 0 0 0 0 0 0 0 0 0 0 0 1 1 1 2 4 5 8 12 18 25 36 49 66 88 115 147 184 228 280 341 413 487 553 611 664 660 627 582 522 451 380 314 258 212 175 150 136 131 129 128 129 127 126
0 0 0 0 0 0 0 0 0 0 0 0 0 0 0 0 0 0 0 0 0 0 0 0 0 0 0 0 0 0 0 0 0 0 0 0 0 0 0 0 0 0 0 0 0 0 0 0 0 0 0 0 0 0 1 1 2 3 5 8 12 19 27 38 53 72 95 123 156 193 232 277 327 385 444 499 546 585 584 547 503 446 379 315 259 210 172 142 122 110 104 102 102 102 102 103
0 0 0 0 0 0 0 0 0 0 0 0 0 0 0 0 0 0 0 0 0 0 0 0 0 0 0 0 0 0 0 0 0 0 0 0 0 0 0 0 0 0 0 0 0 0 0 0 0 0 0 0 0 0 1 1 2 3 5 9 13 20 29 41 57 77 102 131 164 200 232 268 307 349 394 434 467 490 495 462 420 367 310 256 209 169 137 113 97 87 82 80 80 81 82 84
0 0 0 0 0 0 0 0 0 0 0 0 0 0 0 0 0 0 0 0 0 0 0 0 0 0 0 0 0 0 0 0 0 0 0 0 0 0 0 0 0 0 0 0 0 0 0 0 0 0 0 0 0 0 1 1 2 3 6 9 14 21 31 44 61 83 109 138 171 199 225 253 278 307 340 367 388 400 397 374 337 293 247 204 165 133 107 88 76 68 64 63 63 65 67 68
0 0 0 0 0 0 0 0 0 0 0 0 0 0 0 0 0 0 0 0 0 0 0 0 0 0 0 0 0 0 0 0 0 0 0 0 0 0 0 0 0 0 0 0 0 0 0 0 0 0 0 0 0 0 1 1 2 4 6 10 15 23 33 47 65 87 114 144 170 191 207 224 241 260 280 298 313 317 311 293 264 229 193 158 128 103 83 68 58 52 50 49 50 52 55 57
0 0 0 0 0 0 0 0 0 0 0 0 0 0 0 0 0 0 0 0 0 0 0 0 0 0 0 0 0 0 0 0 0 0 0 0 0 0 0 0 0 0 0 0 0 0 0 0 0 0 0 0 0 0 1 2 3 4 7 11 16 24 35 49 67 90 116 144 166 179 187 196 205 215 226 235 242 243 238 226 202 175 147 121 98 79 64 52 45 41 39 39 41 43 46 49
0 0 0 0 0 0 0 0 0 0 0 0 0 0 0 0 0 0 0 0 0 0 0 0 0 0 0 0 0 0 0 0 0 0 0 0 0 0 0 0 0 0 0 0 0 0 0 0 0 0 0 0 0 1 1 2 3 5 8 12 18 26 37 51 69 90 114 137 156 164 166 168 170 174 178 181 183 182 177 166 149 130 110 91 74 60 48 40 34 31 30 31 33 36 39 42
0 0 0 0 0 0 0 0 0 0 0 0 0 0 0 0 0 0 0 0 0 0 0 0 0 0 0 0 0 0 0 0 0 0 0 0 0 0 0 0 0 0 0 0 0 0 0 0 0 0 0 0 0 1 1 2 4 6 9 13 20 28 39 53 70 89 110 131 148 148 145 142 139 138 137 137 136 134 128 120 108 94 80 67 55 45 37 30 26 24 24 25 27 31 35 34
0 0 0 0 0 0 0 0 0 0 0 0 0 0 0 0 0 0 0 0 0 0 0 0 0 0 0 0 0 0 0 0 0 0 0 0 0 0 0 0 0 0 0 0 0 0 0 0 0 0 0 0 1 1 2 3 4 7 10 15 22 30 41 54 69 86 104 121 130 127 123 117 112 108 104 102 99 97 92 85 77 68 58 50 41 34 28 23 20 19 19 20 22 24 27 27
0 0 0 0 0 0 0 0 0 0 0 0 0 0 0 0 0 0 0 0 0 0 0 0 0 0 0 0 0 0 0 0 0 0 0 0 0 0 0 0 0 0 0 0 0 0 0 0 0 0 0 0 1 1 2 4 5 8 12 17 24 33 43 55 68 83 97 105 110 107 102 95 89 83 78 74 71 68 65 59 54 48 43 37 31 26 22 18 16 15 14 15 17 18 20 21
0 0 0 0 0 0 0 0 0 0 0 0 0 0 0 0 0 0 0 0 0 0 0 0 0 0 0 0 0 0 0 0 0 0 0 0 0 0 0 0 0 0 0 0 0 0 0 0 0 0 0 1 1 2 3 4 7 10 14 20 27 35 46 57 65 76 86 90 91 88 83 76 69 63 58 54 50 47 44 41 38 34 31 28 25 21 17 14 13 11 11 12 13 14 15 16
0 0 0 0 0 0 0 0 0 0 0 0 0 0 0 0 0 0 0 0 0 0 0 0 0 0 0 0 0 0 0 0 0 0 0 0 0 0 0 0 0 0 0 0 0 0 0 0 0 0 0 1 1 2 4 6 8 12 17 23 30 39 48 57 64 70 76 78 77 73 67 61 54 48 43 39 35 33 30 28 26 25 23 22 20 17 14 12 10 9 9 9 10 11 11 12
0 0 0 0 0 0 0 0 0 0 0 0 0 0 0 0 0 0 0 0 0 0 0 0 0 0 0 0 0 0 0 0 0 0 0 0 0 0 0 0 0 0 0 0 0 0 0 0 0 0 1 1 2 3 5 7 11 15 21 27 35 43 52 59 64 68 69 69 66 61 55 49 42 37 32 28 25 22 21 19 18 18 17 18 18 14 12 10 8 8 7 7 8 8 8 9
0 0 0 0 0 0 0 0 0 0 0 0 0 0 0 0 0 0 0 0 0 0 0 0 0 0 0 0 0 0 0 0 0 0 0 0 0 0 0 0 0 0 0 0 0 0 0 0 0 1 1 2 3 4 6 9 13 19 25 33 41 50 58 64 66 67 66 63 58 52 46 39 33 28 24 20 17 16 14 13 13 13 13 13 13 11 10 8 7 7 6 6 6 6 6 7
0 0 0 0 0 0 0 0 0 0 0 0 0 0 0 0 0 0 0 0 0 0 0 0 0 0 0 0 0 0 0 0 0 0 0 0 0 0 0 0 0 0 0 0 0 0 0 0 0 1 1 2 3 5 8 12 17 23 31 39 48 57 64 69 70 68 64 59 52 45 39 32 27 22 18 15 12 11 10 9 9 9 10 10 10 9 8 7 7 6 5 5 5 5 5 5
0 0 0 0 0 0 0 0 0 0 0 0 0 0 0 0 0 0 0 0 0 0 0 0 0 0 0 0 0 0 0 0 0 0 0 0 0 0 0 0 0 0 0 0 0 0 0 0 1 1 2 3 4 7 10 15 21 28 37 47 57 66 73 76 75 70 64 56 48 40 33 27 21 17 14 11 9 8 7 7 7 7 7 8 8 8 7 7 6 5 5 4 4 4 4 4
0 0 0 0 0 0 0 0 0 0 0 0 0 0 0 0 0 0 0 0 0 0 0 0 0 0 0 0 0 0 0 0 0 0 0 0 0 0 0 0 0 0 0 0 0 0 0 0 1 1 2 4 6 9 13 18 25 34 45 56 67 77 84 84 80 72 63 54 45 36 29 23 18 14 10 8 7 6 5 5 5 5 6 7 7 7 7 6 6 5 4 4 4 3 3 3
0 0 0 0 0 0 0 0 0 0 0 0 0 0 0 0 0 0 0 0 0 0 0 0 0 0 0 0 0 0 0 0 0 0 0 0 0 0 0 0 0 0 0 0 0 0 0 1 1 2 3 5 7 11 16 22 31 41 53 66 79 89 96 94 85 74 63 52 41 33 25 19 14 11 8 6 5 4 4 3 4 4 6 6 6 6 6 6 5 5 4 3 3 3 3 3
0 0 0 0 0 0 0 0 0 0 0 0 0 0 0 0 0 0 0 0 0 0 0 0 0 0 0 0 0 0 0 0 0 0 0 0 0 0 0 0 0 0 0 0 0 0 0 1 1 2 4 6 9 13 19 27 36 48 62 78 92 102 105 101 89 75 62 49 39 29 22 16 12 9 6 5 4 3 3 2 3 3 4 4 5 5 5 5 5 4 4 3 3 2 2 2
0 0 0 0 0 0 0 0 0 0 0 0 0 0 0 0 0 0 0 0 0 0 0 0 0 0 0 0 0 0 0 0 0 0 0 0 0 0 0 0 0 0 0 0 0 0 1 1 2 3 4 7 11 15 22 31 42 55 71 89 106 115 115 106 91 75 60 47 36 27 19 14 10 7 5 4 3 2 2 2 2 2 3 3 4 4 5 5 5 4 3 2 2 2 2 2
0 0 0 0 0 0 0 0 0 0 0 0 0 0 0 0 0 0 0 0 0 0 0 0 0 0 0 0 0 0 0 0 0 0 0 0 0 0 0 0 0 0 0 0 0 0 1 1 2 3 5 8 12 18 25 35 46 61 78 97 118 131 126 109 91 73 57 44 32 24 17 12 9 6 4 3 2 2 1 1 1 2 2 2 3 3 4 4 5 3 3 2 2 1 1 1
0 0 0 0 0 0 0 0 0 0 0 0 0 0 0 0 0 0 0 0 0 0 0 0 0 0 0 0 0 0 0 0 0 0 0 0 0 0 0 0 0 0 0 0 0 0 1 1 2 4 6 9 14 20 28 38 49 64 81 100 120 137 127 105 86 69 53 40 29 21 15 10 7 5 3 2 2 1 1 1 1 1 1 2 2 2 3 3 4 3 2 1 1 1 1 1
0 0 0 0 0 0 0 0 0 0 0 0 0 0 0 0 0 0 0 0 0 0 0 0 0 0 0 0 0 0 0 0 0 0 0 0 0 0 0 0 0 0 0 0 0 0 1 1 2 4 6 10 15 22 30 40 51 64 80 97 113 118 110 96 79 62 48 35 26 18 13 9 6 4 3 2 1 1 1 1 1 1 1 1 1 2 2 2 2 2 1 1 1 1 1 1
0 0 0 0 0 0 0 0 0 0 0 0 0 0 0 0 0 0 0 0 0 0 0 0 0 0 0 0 0 0 0 0 0 0 0 0 0 0 0 0 0 0 0 0 0 0 1 1 2 4 7 10 15 22 31 41 51 62 75 89 101 102 95 83 68 54 42 31 22 16 11 7 5 3 2 2 1 1 1 0 0 0 1 1 1 1 1 1 1 1 1 1 0 0 0 0
0 0 0 0 0 0 0 0 0 0 0 0 0 0 0 0 0 0 0 0 0 0 0 0 0 0 0 0 0 0 0 0 0 0 0 0 0 0 0 0 0 0 0 0 0 0 1 1 2 4 6 10 15 22 31 41 48 57 67 78 86 85 79 70 58 46 35 26 19 13 9 6 4 3 2 1 1 1 0 0 0 0 0 0 0 0 1 1 1 0 0 0 0 0 0 0
0 0 0 0 0 0 0 0 0 0 0 0 0 0 0 0 0 0 0 0 0 0 0 0 0 0 0 0 0 0 0 0 0 0 0 0 0 0 0 0 0 0 0 0 0 0 1 1 2 4 6 9 14 20 28 35 42 49 58 65 68 68 64 57 47 38 29 22 16 11 8 5 3 2 1 1 1 0 0 0 0 0 0 0 0 0 0 0 0 0 0 0 0 0 0 0
0 0 0 0 0 0 0 0 0 0 0 0 0 0 0 0 0 0 0 0 0 0 0 0 0 0 0 0 0 0 0 0 0 0 0 0 0 0 0 0 0 0 0 0 0 0 1 1 2 3 5 8 12 17 23 29 35 41 47 52 53 53 50 44 37 30 23 17 13 9 6 4 3 2 1 1 0 0 0 0 0 0 0 0 0 0 0 0 0 0 0 0 0 0 0 0
0 0 0 0 0 0 0 0 0 0 0 0 0 0 0 0 0 0 0 0 0 0 0 0 0 0 0 0 0 0 0 0 0 0 0 0 0 0 0 0 0 0 0 0 0 0 1 1 2 3 4 7 10 14 18 23 27 32 36 39 41 40 38 34 29 23 18 14 10 7 5 3 2 1 1 1 0 0 0 0 0 0 0 0 0 0 0 0 0 0 0 0 0 0 0 0
0 0 0 0 0 0 0 0 0 0 0 0 0 0 0 0 0 0 0 0 0 0 0 0 0 0 0 0 0 0 0 0 0 0 0 0 0 0 0 0 0 0 0 0 0 0 0 1 1 2 3 5 8 10 14 17 21 24 28 30 31 30 28 25 22 18 14 10 8 5 4 3 2 1 1 0 0 0 0 0 0 0 0 0 0 0 0 0 0 0 0 0 0 0 0 0
0 0 0 0 0 0 0 0 0 0 0 0 0 0 0 0 0 0 0 0 0 0 0 0 0 0 0 0 0 0 0 0 0 0 0 0 0 0 0 0 0 0 0 0 0 0 0 1 1 2 3 4 6 8 10 13 16 18 21 23 24 23 21 19 16 13 10 8 6 4 3 2 1 1 1 0 0 0 0 0 0 0 0 0 0 0 0 0 0 0 0 0 0 0 0 0
